2
645
0 SAO PAULO 12396372 -23.54 -46.63
1 GUARULHOS 1404694 -23.46 -46.53
2 CAMPINAS 1223237 -22.9 -47.06
3 SAO BERNARDO DO CAMPO 849874 -23.69 -46.56
4 SAO JOSE DOS CAMPOS 737310 -23.17 -45.88
5 SANTO ANDRE 723889 -23.66 -46.53
6 RIBEIRAO PRETO 720116 -21.17 -47.81
7 OSASCO 701428 -23.53 -46.79
8 SOROCABA 695328 -23.5 -47.45
9 MAUA 481725 -23.66 -46.46
10 SAO JOSE DO RIO PRETO 469173 -20.81 -49.37
11 MOGI DAS CRUZES 455587 -23.52 -46.18
12 SANTOS 433991 -23.96 -46.33
13 DIADEMA 429550 -23.68 -46.62
14 JUNDIAI 426935 -23.18 -46.88
15 PIRACICABA 410275 -22.72 -47.64
16 CARAPICUIBA 405375 -23.52 -46.83
17 BAURU 381706 -22.31 -49.06
18 ITAQUAQUECETUBA 379082 -23.48 -46.34
19 SAO VICENTE 370839 -23.96 -46.39
20 FRANCA 358539 -20.53 -47.4
21 PRAIA GRANDE 336454 -24.0 -46.4
22 GUARUJA 324977 -23.99 -46.25
23 TAUBATE 320820 -23.02 -45.55
24 LIMEIRA 310783 -22.56 -47.4
25 SUZANO 303397 -23.54 -46.31
26 TABOAO DA SERRA 297528 -23.6 -46.75
27 SUMARE 289875 -22.82 -47.26
28 BARUERI 279704 -23.51 -46.87
29 EMBU DAS ARTES 279264 -23.64 -46.85
30 INDAIATUBA 260690 -23.09 -47.21
31 COTIA 257882 -23.6 -46.91
32 SAO CARLOS 256915 -22.01 -47.89
33 AMERICANA 244370 -22.73 -47.33
34 ITAPEVI 244131 -23.54 -46.93
35 MARILIA 242249 -22.21 -49.94
36 ARARAQUARA 240542 -21.79 -48.17
37 HORTOLANDIA 237570 -22.85 -47.22
38 JACAREI 237119 -23.3 -45.96
39 PRESIDENTE PRUDENTE 231953 -22.12 -51.38
40 RIO CLARO 209548 -22.41 -47.56
41 ARACATUBA 199210 -21.2 -50.43
42 FERRAZ DE VASCONCELOS 198661 -23.54 -46.36
43 SANTA BARBARA D`OESTE 195278 -22.75 -47.41
44 ITAPECERICA DA SERRA 179574 -23.71 -46.84
45 FRANCISCO MORATO 179372 -23.28 -46.74
46 ITU 177150 -23.26 -47.29
47 BRAGANCA PAULISTA 172346 -22.95 -46.54
48 PINDAMONHANGABA 171885 -22.92 -45.46
49 ITAPETININGA 167106 -23.59 -48.05
50 SAO CAETANO DO SUL 162763 -23.62 -46.55
51 FRANCO DA ROCHA 158438 -23.32 -46.72
52 MOGI GUACU 154146 -22.37 -46.94
53 JAU 153463 -22.29 -48.55
54 BOTUCATU 149718 -22.88 -48.44
55 ATIBAIA 145378 -23.11 -46.54
56 SANTANA DE PARNAIBA 145073 -23.44 -46.91
57 ARARAS 136739 -22.35 -47.38
58 VALINHOS 133169 -22.97 -46.99
59 CUBATAO 132521 -23.89 -46.42
60 SERTAOZINHO 128432 -21.13 -47.99
61 JANDIRA 127734 -23.52 -46.9
62 BIRIGUI 126094 -21.28 -50.34
63 RIBEIRAO PIRES 125238 -23.71 -46.41
64 CARAGUATATUBA 125194 -23.62 -45.41
65 VOTORANTIM 124468 -23.54 -47.43
66 VARZEA PAULISTA 124269 -23.21 -46.82
67 ITATIBA 124254 -23.0 -46.83
68 TATUI 124134 -23.35 -47.85
69 BARRETOS 123546 -20.55 -48.56
70 GUARATINGUETA 123192 -22.81 -45.19
71 CATANDUVA 123114 -21.13 -48.97
72 SALTO 120779 -23.2 -47.28
73 POA 119221 -23.52 -46.34
74 OURINHOS 115139 -22.97 -49.87
75 PAULINIA 114508 -22.76 -47.15
76 ASSIS 105768 -22.66 -50.41
77 LEME 105273 -22.18 -47.38
78 ITANHAEM 104351 -24.18 -46.78
79 CAIEIRAS 104044 -23.36 -46.74
80 MAIRIPORA 103645 -23.31 -46.58
81 VOTUPORANGA 96106 -20.42 -49.97
82 CACAPAVA 95752 -23.1 -45.7
83 ITAPEVA 95241 -23.98 -48.87
84 MOJI MIRIM 94098 -22.43 -46.95
85 SAO ROQUE 93076 -23.52 -47.13
86 UBATUBA 92819 -23.43 -45.07
87 ARUJA 92453 -23.39 -46.32
88 SAO JOAO DA BOA VISTA 92315 -21.96 -46.79
89 AVARE 91792 -23.09 -48.92
90 SAO SEBASTIAO 91637 -23.76 -45.4
91 LORENA 89532 -22.73 -45.12
92 CAMPO LIMPO PAULISTA 86407 -23.2 -46.78
93 MATAO 84069 -21.6 -48.36
94 CRUZEIRO 82895 -22.57 -44.96
95 VINHEDO 81516 -23.03 -46.97
96 IBIUNA 80062 -23.65 -47.22
97 CAJAMAR 79034 -23.35 -46.87
98 LINS 78978 -21.67 -49.74
99 JABOTICABAL 78029 -21.25 -48.32
100 BEBEDOURO 77612 -20.94 -48.47
101 PIRASSUNUNGA 77330 -21.99 -47.42
102 ITAPIRA 75683 -22.43 -46.82
103 COSMOPOLIS 74662 -22.64 -47.19
104 AMPARO 73145 -22.7 -46.76
105 EMBU-GUACU 70402 -23.83 -46.81
106 PERUIBE 69697 -24.31 -46.99
107 FERNANDOPOLIS 69680 -20.28 -50.24
108 LENCOIS PAULISTA 69533 -22.59 -48.79
109 MOCOCA 69072 -21.46 -47.0
110 BERTIOGA 66154 -23.85 -46.13
111 TUPA 65615 -21.93 -50.51
112 ITUPEVA 64330 -23.15 -47.05
113 PENAPOLIS 64098 -21.42 -50.07
114 BATATAIS 63438 -20.89 -47.58
115 BOITUVA 63310 -23.28 -47.67
116 NOVA ODESSA 61716 -22.77 -47.29
117 MONTE MOR 61707 -22.94 -47.31
118 IBITINGA 61150 -21.75 -48.82
119 MIRASSOL 60768 -20.81 -49.52
120 JAGUARIUNA 59921 -22.7 -46.98
121 MONGAGUA 58567 -24.08 -46.62
122 SANTA ISABEL 58529 -23.31 -46.22
123 TAQUARITINGA 57547 -21.4 -48.5
124 ANDRADINA 57245 -20.89 -51.37
125 CAPIVARI 56973 -22.99 -47.5
126 PORTO FERREIRA 56848 -21.85 -47.47
127 REGISTRO 56463 -24.48 -47.84
128 ARTUR NOGUEIRA 56247 -22.57 -47.17
129 PIEDADE 55731 -23.71 -47.42
130 OLIMPIA 55477 -20.73 -48.91
131 SAO JOSE DO RIO PARDO 55298 -21.59 -46.88
132 VARGEM GRANDE PAULISTA 54315 -23.6 -47.02
133 PORTO FELIZ 53698 -23.21 -47.52
134 SAO JOAQUIM DA BARRA 52737 -20.58 -47.85
135 CAMPOS DO JORDAO 52713 -22.73 -45.59
136 RIO GRANDE DA SERRA 52009 -23.74 -46.39
137 PONTAL 51717 -21.02 -48.03
138 CABREUVA 51130 -23.3 -47.13
139 MONTE ALTO 51039 -21.26 -48.49
140 LOUVEIRA 51007 -23.08 -46.95
141 ITARARE 50778 -24.11 -49.34
142 CERQUILHO 50631 -23.16 -47.74
143 JALES 49291 -20.26 -50.54
144 PEDREIRA 48992 -22.74 -46.9
145 TREMEMBE 48228 -22.95 -45.54
146 SANTA CRUZ DO RIO PARDO 48207 -22.89 -49.63
147 MAIRINQUE 47723 -23.54 -47.18
148 PEDERNEIRAS 47523 -22.35 -48.77
149 DRACENA 47287 -21.48 -51.53
150 CAPAO BONITO 47098 -24.0 -48.34
151 SALTO DE PIRAPORA 46285 -23.64 -47.57
152 PARAGUACU PAULISTA 46180 -22.41 -50.57
153 SERRANA 46166 -21.21 -47.59
154 JARDINOPOLIS 45544 -21.01 -47.76
155 ORLANDIA 44682 -20.71 -47.88
156 ESPIRITO SANTO DO PINHAL 44607 -22.19 -46.74
157 PRESIDENTE EPITACIO 44572 -21.76 -52.11
158 GARCA 44429 -22.21 -49.65
159 ITAPOLIS 43536 -21.59 -48.81
160 VARGEM GRANDE DO SUL 43368 -21.83 -46.89
161 TIETE 42946 -23.1 -47.71
162 ITUVERAVA 42259 -20.33 -47.78
163 NOVO HORIZONTE 41765 -21.46 -49.22
164 SOCORRO 41690 -22.59 -46.52
165 AMERICO BRASILIENSE 41545 -21.72 -48.1
166 SAO MANUEL 41287 -22.73 -48.57
167 GUAIRA 41283 -20.31 -48.31
168 PROMISSAO 41211 -21.53 -49.85
169 GUARIBA 40857 -21.36 -48.22
170 PITANGUEIRAS 40430 -21.0 -48.22
171 PRESIDENTE VENCESLAU 39648 -21.87 -51.84
172 IPERO 38771 -23.35 -47.68
173 JOSE BONIFACIO 37707 -21.05 -49.68
174 AGUDOS 37582 -22.46 -48.98
175 AGUAI 36981 -22.05 -46.97
176 SAO PEDRO 36298 -22.54 -47.91
177 RIO DAS PEDRAS 36233 -22.84 -47.6
178 APARECIDA 36211 -22.84 -45.22
179 ILHABELA 36194 -23.77 -45.35
180 BARRA BONITA 36125 -22.49 -48.55
181 CRAVINHOS 35858 -21.34 -47.72
182 BARIRI 35844 -22.07 -48.74
183 IBATE 35830 -21.95 -47.99
184 ARACOIABA DA SERRA 35389 -23.5 -47.61
185 ADAMANTINA 35153 -21.68 -51.07
186 SANTA CRUZ DAS PALMEIRAS 35102 -21.82 -47.24
187 DESCALVADO 34097 -21.9 -47.61
188 CACHOEIRA PAULISTA 33827 -22.66 -45.0
189 MORRO AGUDO 33598 -20.73 -48.05
190 BARRINHA 33537 -21.19 -48.16
191 BIRITIBA-MIRIM 33265 -23.57 -46.03
192 GUARARAPES 33257 -21.26 -50.64
193 OSVALDO CRUZ 33118 -21.79 -50.88
194 SAO MIGUEL ARCANJO 33071 -23.87 -47.99
195 SANTA FE DO SUL 32796 -20.21 -50.92
196 JUQUITIBA 31844 -23.93 -47.06
197 CANDIDO MOTA 31410 -22.74 -50.38
198 JARINU 31173 -23.1 -46.72
199 IGUAPE 31117 -24.7 -47.55
200 IGARAPAVA 30791 -20.03 -47.74
201 CASA BRANCA 30655 -21.77 -47.08
202 GUARAREMA 30465 -23.41 -46.03
203 PIRAJU 29930 -23.19 -49.38
204 MIRANDOPOLIS 29844 -21.13 -51.1
205 RANCHARIA 29743 -22.22 -50.89
206 SERRA NEGRA 29669 -22.61 -46.7
207 PILAR DO SUL 29612 -23.81 -47.71
208 LARANJAL PAULISTA 29047 -23.04 -47.83
209 CONCHAL 28491 -22.32 -47.17
210 CAJATI 28441 -24.73 -48.12
211 PIRAPOZINHO 27974 -22.27 -51.5
212 SANTA GERTRUDES 27850 -22.45 -47.52
213 DOIS CORREGOS 27704 -22.36 -48.38
214 SANTA RITA DO PASSA QUATRO 27641 -21.7 -47.47
215 ITAI 27632 -23.41 -49.09
216 PIRACAIA 27617 -23.05 -46.35
217 VALPARAISO 27154 -21.22 -50.86
218 SANTA ROSA DE VITERBO 26960 -21.47 -47.36
219 ILHA SOLTEIRA 26886 -20.43 -51.34
220 MARTINOPOLIS 26791 -22.14 -51.17
221 CAJURU 26613 -21.27 -47.3
222 BOM JESUS DOS PERDOES 26506 -23.13 -46.46
223 TANABI 26231 -20.62 -49.64
224 PIRAJUI 25939 -21.99 -49.45
225 ANGATUBA 25724 -23.48 -48.41
226 PEREIRA BARRETO 25685 -20.63 -51.1
227 MONTE APRAZIVEL 25651 -20.77 -49.71
228 BRODOWSKI 25605 -20.99 -47.65
229 POTIM 25603 -22.84 -45.25
230 CORDEIROPOLIS 25116 -22.48 -47.45
231 ALVARES MACHADO 25078 -22.07 -51.47
232 IRACEMAPOLIS 24982 -22.58 -47.51
233 BROTAS 24862 -22.28 -48.12
234 IGARACU DO TIETE 24821 -22.5 -48.55
235 APIAI 24081 -24.5 -48.84
236 SANTO ANTONIO DE POSSE 23742 -22.6 -46.91
237 TEODORO SAMPAIO 23395 -22.53 -52.16
238 ARACARIGUAMA 23343 -23.43 -47.06
239 TAQUARITUBA 23292 -23.53 -49.24
240 TAMBAU 23255 -21.7 -47.27
241 MIGUELOPOLIS 22480 -20.17 -48.03
242 POMPEIA 22326 -22.1 -50.17
243 PALMITAL 22322 -22.78 -50.21
244 PRADOPOLIS 22239 -21.35 -48.06
245 GUAPIACU 22087 -20.79 -49.22
246 LUCELIA 22022 -21.71 -51.01
247 NOVA GRANADA 21871 -20.53 -49.31
248 ENGENHEIRO COELHO 21712 -22.48 -47.21
249 CASTILHO 21521 -20.87 -51.48
250 GUARA 21394 -20.42 -47.82
251 CUNHA 21373 -23.07 -44.95
252 CAPELA DO ALTO 21257 -23.47 -47.73
253 ITATINGA 21139 -23.1 -48.61
254 JUNQUEIROPOLIS 20978 -21.51 -51.43
255 BASTOS 20952 -21.92 -50.73
256 SANTO ANASTACIO 20855 -21.97 -51.65
257 PARANAPANEMA 20588 -23.38 -48.72
258 REGENTE FEIJO 20523 -22.22 -51.3
259 CERQUEIRA CESAR 20391 -23.03 -49.16
260 BURI 20050 -23.79 -48.59
261 PARIQUERA-ACU 19797 -24.71 -47.88
262 MIRACATU 19511 -24.28 -47.45
263 PIRAPORA DO BOM JESUS 19453 -23.39 -47.0
264 GUAREI 19244 -23.37 -48.18
265 VIRADOURO 19133 -20.87 -48.29
266 CACONDE 19031 -21.52 -46.64
267 MONTE AZUL PAULISTA 18928 -20.9 -48.64
268 AGUAS DE LINDOIA 18908 -22.47 -46.63
269 ALUMINIO 18903 -23.53 -47.26
270 NAZARE PAULISTA 18866 -23.18 -46.39
271 JUQUIA 18627 -24.32 -47.63
272 ITIRAPINA 18610 -22.25 -47.82
273 COLINA 18601 -20.71 -48.54
274 CESARIO LANGE 18595 -23.22 -47.95
275 MIRANTE DO PARANAPANEMA 18415 -22.29 -51.9
276 PARAIBUNA 18302 -23.38 -45.66
277 CONCHAS 18138 -23.01 -48.01
278 ELIAS FAUSTO 18095 -23.04 -47.37
279 BADY BASSITT 18013 -20.91 -49.44
280 CAFELANDIA 17917 -21.8 -49.61
281 JACUPIRANGA 17911 -24.69 -48.0
282 SEVERINIA 17820 -20.8 -48.8
283 ITARIRI 17754 -24.28 -47.17
284 POTIRENDABA 17668 -21.04 -49.37
285 CHARQUEADA 17539 -22.51 -47.77
286 BURITAMA 17414 -21.06 -50.14
287 ITABERA 17405 -23.86 -49.13
288 PINDORAMA 17378 -21.18 -48.9
289 SALESOPOLIS 17363 -23.53 -45.84
290 MACATUBA 17263 -22.5 -48.71
291 GUAPIARA 16896 -24.18 -48.53
292 PEDREGULHO 16876 -20.25 -47.47
293 IPUA 16794 -20.43 -48.01
294 TABATINGA 16787 -21.71 -48.68
295 BORBOREMA 16278 -21.62 -49.07
296 ALTINOPOLIS 16221 -21.02 -47.37
297 SAO LOURENCO DA SERRA 16127 -23.85 -46.94
298 FARTURA 16102 -23.38 -49.5
299 RIBEIRAO BRANCO 15984 -24.22 -48.76
300 PANORAMA 15944 -21.35 -51.86
301 ROSANA 15929 -22.57 -53.05
302 TUPI PAULISTA 15670 -21.38 -51.57
303 SANTA ADELIA 15639 -21.24 -48.8
304 LUIS ANTONIO 15628 -21.55 -47.7
305 HOLAMBRA 15605 -22.63 -47.05
306 ELDORADO 15592 -24.52 -48.1
307 PINHALZINHO 15564 -22.77 -46.59
308 SAO SIMAO 15446 -21.47 -47.55
309 TARUMA 15361 -22.74 -50.57
310 ITAJOBI 15331 -21.31 -49.05
311 AURIFLAMA 15316 -20.68 -50.55
312 SERRA AZUL 15292 -21.31 -47.56
313 ITAPORANGA 15197 -23.7 -49.49
314 IPAUSSU 15165 -23.05 -49.62
315 BOA ESPERANCA DO SUL 15111 -21.99 -48.39
316 PATROCINIO PAULISTA 14941 -20.63 -47.28
317 FLORIDA PAULISTA 14936 -21.61 -51.17
318 SANTA BRANCA 14925 -23.39 -45.88
319 TAGUAI 14415 -23.45 -49.4
320 PACAEMBU 14326 -21.56 -51.26
321 QUATA 14309 -22.24 -50.69
322 ITAPUI 14297 -22.23 -48.71
323 MARACAI 14069 -22.61 -50.66
324 AVANHANDAVA 14063 -21.46 -49.95
325 URUPES 13965 -21.2 -49.29
326 MORUNGABA 13936 -22.87 -46.79
327 PIRATININGA 13890 -22.41 -49.13
328 QUELUZ 13788 -22.53 -44.77
329 VALENTIM GENTIL 13732 -20.42 -50.08
330 PALMARES PAULISTA 13691 -21.08 -48.8
331 PIQUETE 13495 -22.61 -45.17
332 JOANOPOLIS 13453 -22.93 -46.27
333 RIBEIRAO BONITO 13376 -22.06 -48.17
334 PALESTINA 13285 -20.38 -49.43
335 MINEIROS DO TIETE 13023 -22.4 -48.45
336 PRESIDENTE BERNARDES 12943 -22.0 -51.55
337 TAPIRATIBA 12940 -21.46 -46.74
338 RIOLANDIA 12856 -19.98 -49.68
339 SETE BARRAS 12731 -24.38 -47.92
340 IBIRA 12639 -21.07 -49.24
341 LAVINIA 12581 -21.16 -51.04
342 BOCAINA 12571 -22.13 -48.51
343 TABAPUA 12561 -20.96 -49.03
344 CANANEIA 12542 -25.01 -47.92
345 DUARTINA 12421 -22.41 -49.4
346 CHAVANTES 12418 -23.03 -49.7
347 GUAICARA 12416 -21.62 -49.79
348 CARDOSO 12371 -20.08 -49.91
349 SAO SEBASTIAO DA GRAMA 12137 -21.71 -46.82
350 BOFETE 12107 -23.1 -48.25
351 SALES OLIVEIRA 12103 -20.77 -47.83
352 IACANGA 12002 -21.88 -49.02
353 NHANDEARA 11575 -20.69 -50.03
354 ILHA COMPRIDA 11552 -24.74 -47.54
355 PIRANGI 11524 -21.09 -48.65
356 NOVA EUROPA 11519 -21.77 -48.56
357 PEDRO DE TOLEDO 11507 -24.27 -47.23
358 ESTIVA GERBI 11507 -22.27 -46.94
359 GETULINA 11485 -21.79 -49.92
360 GUARACI 11382 -20.49 -48.94
361 AREIOPOLIS 11186 -22.66 -48.66
362 BERNARDINO DE CAMPOS 11168 -23.01 -49.47
363 BANANAL 11039 -22.68 -44.32
364 DIVINOLANDIA 11027 -21.66 -46.73
365 PARAPUA 10934 -21.78 -50.79
366 SAO BENTO DO SAPUCAI 10907 -22.68 -45.73
367 ROSEIRA 10888 -22.89 -45.3
368 GENERAL SALGADO 10855 -20.64 -50.36
369 VARGEM 10842 -22.88 -46.41
370 RINCAO 10824 -21.58 -48.07
371 VERA CRUZ 10804 -22.21 -49.81
372 OUROESTE 10712 -20.0 -50.37
373 SAO LUIS DO PARAITINGA 10693 -23.22 -45.31
374 CAJOBI 10649 -20.87 -48.8
375 SARAPUI 10493 -23.64 -47.82
376 PORANGABA 10205 -23.17 -48.12
377 UCHOA 10191 -20.95 -49.17
378 DUMONT 10174 -21.23 -47.97
379 TORRINHA 10100 -22.42 -48.16
380 REGINOPOLIS 10047 -21.88 -49.22
381 MANDURI 9972 -23.0 -49.32
382 NOVA CAMPINA 9962 -24.12 -48.9
383 RINOPOLIS 9940 -21.72 -50.72
384 ARIRANHA 9851 -21.18 -48.78
385 IARAS 9786 -22.87 -49.16
386 HERCULANDIA 9649 -22.0 -50.38
387 IGARATA 9631 -23.2 -46.15
388 TERRA ROXA 9502 -20.78 -48.33
389 CEDRAL 9452 -20.9 -49.26
390 SALTO GRANDE 9396 -22.89 -49.98
391 EUCLIDES DA CUNHA PAULISTA 9280 -22.56 -52.59
392 BALSAMO 9209 -20.73 -49.58
393 PALMEIRA D`OESTE 9173 -20.41 -50.76
394 VISTA ALEGRE DO ALTO 9163 -21.17 -48.62
395 RAFARD 9126 -23.01 -47.52
396 URANIA 9125 -20.24 -50.64
397 DOBRADA 9088 -21.51 -48.39
398 SAO JOSE DA BELA VISTA 8991 -20.59 -47.63
399 PAULO DE FARIA 8973 -20.03 -49.38
400 NEVES PAULISTA 8917 -20.84 -49.63
401 CLEMENTINA 8894 -21.55 -50.44
402 SANTA LUCIA 8889 -21.68 -48.08
403 DOURADO 8883 -22.1 -48.31
404 PEREIRAS 8875 -23.07 -47.97
405 CRISTAIS PAULISTA 8803 -20.39 -47.41
406 OURO VERDE 8676 -21.48 -51.7
407 AREALVA 8665 -22.02 -48.91
408 SANTO ANTONIO DO ARACANGUA 8541 -20.93 -50.49
409 SALTINHO 8498 -22.84 -47.67
410 ESTRELA D`OESTE 8420 -20.28 -50.4
411 ICEM 8363 -20.34 -49.19
412 IRAPURU 8356 -21.57 -51.34
413 AGUAS DA PRATA 8262 -21.93 -46.71
414 GUARACAI 8258 -21.02 -51.2
415 IEPE 8228 -22.66 -51.07
416 LINDOIA 8201 -22.52 -46.65
417 BILAC 8197 -21.4 -50.47
418 MONTE ALEGRE DO SUL 8181 -22.68 -46.68
419 MACAUBAL 8174 -20.8 -49.96
420 IRAPUA 8101 -21.27 -49.4
421 IBIRAREMA 7926 -22.81 -50.07
422 CATIGUA 7905 -21.04 -49.05
423 ITOBI 7862 -21.73 -46.97
424 IPEUNA 7824 -22.43 -47.71
425 RESTINGA 7762 -20.6 -47.48
426 GUATAPARA 7760 -21.49 -48.03
427 SUD MENNUCCI 7738 -20.69 -50.92
428 TAPIRAI 7725 -23.96 -47.5
429 SAO PEDRO DO TURVO 7724 -22.74 -49.74
430 RIBEIRAO GRANDE 7686 -24.09 -48.36
431 TARABAI 7609 -22.3 -51.55
432 BARRA DO TURVO 7606 -24.75 -48.5
433 PAULICEIA 7540 -21.31 -51.83
434 BARBOSA 7532 -21.26 -49.94
435 NUPORANGA 7522 -20.72 -47.74
436 LAVRINHAS 7361 -22.57 -44.9
437 JACI 7322 -20.88 -49.56
438 ORINDIUVA 7318 -20.18 -49.35
439 COSMORAMA 7289 -20.47 -49.77
440 NOVA ALIANCA 7161 -21.01 -49.49
441 TUIUTI 7058 -22.81 -46.69
442 SANTO ANTONIO DA ALEGRIA 7024 -21.08 -47.15
443 JABORANDI 6963 -20.68 -48.41
444 ANHEMBI 6911 -22.78 -48.12
445 SANTO ANTONIO DO PINHAL 6843 -22.82 -45.66
446 JAMBEIRO 6828 -23.25 -45.68
447 QUINTANA 6736 -22.07 -50.3
448 GUARANTA 6685 -21.89 -49.59
449 NATIVIDADE DA SERRA 6624 -23.37 -45.44
450 ITIRAPUA 6587 -20.64 -47.21
451 PARDINHO 6579 -23.08 -48.37
452 ORIENTE 6569 -22.15 -50.09
453 PARAISO 6536 -21.01 -48.77
454 UBARANA 6488 -21.16 -49.71
455 SALES 6481 -21.34 -49.48
456 GALIA 6419 -22.29 -49.55
457 SILVEIRAS 6375 -22.66 -44.85
458 ARANDU 6373 -23.13 -49.05
459 TACIBA 6371 -22.38 -51.28
460 TAIACU 6346 -21.14 -48.51
461 SANTA MARIA DA SERRA 6298 -22.56 -48.16
462 IACRI 6269 -21.85 -50.68
463 ALAMBARI 6231 -23.55 -47.89
464 COLOMBIA 6223 -20.17 -48.68
465 COROADOS 6197 -21.35 -50.28
466 POLONI 6166 -20.78 -49.82
467 AGUAS DE SANTA BARBARA 6142 -22.88 -49.23
468 BALBINOS 6127 -21.89 -49.35
469 PEDRA BELA 6127 -22.79 -46.44
470 PIACATU 6093 -21.59 -50.59
471 CAMPINA DO MONTE ALEGRE 6088 -23.59 -48.47
472 NOVAIS 6057 -20.99 -48.91
473 MARABA PAULISTA 6039 -22.1 -51.96
474 SANTA ALBERTINA 6036 -20.03 -50.72
475 ECHAPORA 6026 -22.42 -50.2
476 CAIUA 6017 -21.83 -51.99
477 AMERICO DE CAMPOS 5993 -20.29 -49.73
478 TAQUARIVAI 5968 -23.92 -48.69
479 SANTO ANTONIO DO JARDIM 5926 -22.11 -46.68
480 LUIZIANIA 5918 -21.67 -50.32
481 TRES FRONTEIRAS 5856 -20.23 -50.88
482 GUAIMBE 5806 -21.9 -49.89
483 FERNANDO PRESTES 5805 -21.26 -48.68
484 BRAUNA 5795 -21.49 -50.31
485 BARRA DO CHAPEU 5794 -24.47 -49.02
486 ARAMINA 5689 -20.09 -47.78
487 MENDONCA 5638 -21.16 -49.58
488 SABINO 5638 -21.45 -49.57
489 SANTA ERNESTINA 5577 -21.46 -48.39
490 TAIUVA 5562 -21.12 -48.45
491 IPIGUA 5557 -20.65 -49.38
492 AVAI 5467 -22.14 -49.33
493 NIPOA 5381 -20.91 -49.77
494 SALMOURAO 5372 -21.62 -50.86
495 PRATANIA 5371 -22.8 -48.66
496 PLANALTO 5370 -21.03 -49.92
497 CANITAR 5365 -23.0 -49.78
498 RIVERSUL 5364 -23.82 -49.42
499 GUZOLANDIA 5346 -20.64 -50.66
500 ALVARO DE CARVALHO 5320 -22.08 -49.71
501 CANAS 5268 -22.7 -45.05
502 ANALANDIA 5115 -22.12 -47.66
503 CAMPOS NOVOS PAULISTA 5028 -22.6 -50.0
504 ITAPURA 4994 -20.64 -51.5
505 MIRASSOLANDIA 4966 -20.61 -49.46
506 NARANDIBA 4950 -22.4 -51.52
507 ESPIRITO SANTO DO TURVO 4926 -22.69 -49.43
508 BORACEIA 4913 -22.19 -48.77
509 GASTAO VIDIGAL 4911 -20.79 -50.18
510 LAGOINHA 4882 -23.09 -45.18
511 INDIANA 4873 -22.17 -51.25
512 SANTOPOLIS DO AGUAPEI 4856 -21.63 -50.5
513 GLICERIO 4842 -21.38 -50.21
514 GAVIAO PEIXOTO 4841 -21.83 -48.49
515 MOTUCA 4831 -21.5 -48.15
516 UBIRAJARA 4828 -22.52 -49.66
517 JULIO MESQUITA 4824 -22.0 -49.78
518 RIBEIRAO CORRENTE 4786 -20.45 -47.59
519 MONTEIRO LOBATO 4739 -22.95 -45.84
520 PONTALINDA 4719 -20.44 -50.52
521 LUPERCIO 4608 -22.41 -49.81
522 CORONEL MACEDO 4591 -23.63 -49.31
523 SANTA CRUZ DA CONCEICAO 4584 -22.13 -47.45
524 JOAO RAMALHO 4577 -22.25 -50.76
525 BURITIZAL 4547 -20.19 -47.7
526 RIBEIRAO DO SUL 4537 -22.78 -49.93
527 MURUTINGA DO SUL 4525 -20.99 -51.27
528 ONDA VERDE 4462 -20.61 -49.29
529 TEJUPA 4452 -23.34 -49.37
530 SANDOVALINA 4405 -22.45 -51.76
531 PRACINHA 4327 -21.85 -51.08
532 ITAPIRAPUA PAULISTA 4294 -24.57 -49.16
533 OCAUCU 4294 -22.43 -49.92
534 CABRALIA PAULISTA 4222 -22.45 -49.33
535 NOVA LUZITANIA 4217 -20.85 -50.26
536 ALTAIR 4211 -20.52 -49.05
537 ALFREDO MARCONDES 4201 -21.95 -51.41
538 CAIABU 4195 -22.01 -51.23
539 IPORANGA 4180 -24.58 -48.59
540 ANHUMAS 4172 -22.29 -51.38
541 MONTE CASTELO 4166 -21.29 -51.56
542 SAO JOSE DO BARREIRO 4141 -22.64 -44.57
543 POPULINA 4136 -19.95 -50.53
544 NOVA INDEPENDENCIA 4135 -21.1 -51.49
545 APARECIDA D`OESTE 4122 -20.44 -50.88
546 PARANAPUA 4112 -20.1 -50.58
547 MARIAPOLIS 4098 -21.79 -51.18
548 ALTO ALEGRE 4078 -21.58 -50.16
549 CORUMBATAI 4072 -22.21 -47.62
550 PRESIDENTE ALVES 4067 -22.1 -49.43
551 SUZANAPOLIS 4063 -20.5 -51.02
552 INUBIA PAULISTA 4045 -21.77 -50.96
553 BOM SUCESSO DE ITARARE 4013 -24.31 -49.14
554 ITAJU 3937 -21.98 -48.8
555 AREIAS 3906 -22.57 -44.69
556 QUADRA 3902 -23.29 -48.05
557 INDIAPORA 3876 -19.97 -50.29
558 REDENCAO DA SERRA 3827 -23.26 -45.53
559 MERIDIANO 3813 -20.35 -50.17
560 ELISIARIO 3742 -21.16 -49.11
561 PIQUEROBI 3706 -21.86 -51.72
562 MACEDONIA 3686 -20.14 -50.19
563 RIFAINA 3651 -20.08 -47.42
564 SARUTAIA 3623 -23.27 -49.47
565 ALVARES FLORENCE 3616 -20.32 -49.91
566 PLATINA 3606 -22.63 -50.2
567 SEBASTIANOPOLIS DO SUL 3595 -20.65 -49.92
568 AGUAS DE SAO PEDRO 3588 -22.59 -47.87
569 ADOLFO 3545 -21.23 -49.64
570 BARAO DE ANTONINA 3525 -23.62 -49.56
571 MOMBUCA 3523 -22.92 -47.56
572 QUEIROZ 3513 -21.79 -50.24
573 JUMIRIM 3467 -23.08 -47.78
574 PONGAI 3385 -21.73 -49.36
575 ITAOCA 3332 -24.63 -48.84
576 RIBEIRA 3320 -24.65 -49.0
577 ALVINLANDIA 3251 -22.44 -49.76
578 EMILIANOPOLIS 3238 -21.83 -51.48
579 NANTES 3215 -22.62 -51.23
580 RUBIACEA 3195 -21.3 -50.72
581 RUBINEIA 3191 -20.17 -51.0
582 SANTO EXPEDITO 3159 -21.85 -51.39
583 JERIQUARA 3143 -20.31 -47.58
584 MIRA ESTRELA 3125 -19.97 -50.13
585 PEDRINHAS PAULISTA 3109 -22.81 -50.79
586 MARAPOAMA 3097 -21.25 -49.12
587 MAGDA 3086 -20.64 -50.22
588 BENTO DE ABREU 3028 -21.27 -50.81
589 SANTA MERCEDES 2947 -21.35 -51.75
590 BREJO ALEGRE 2911 -21.16 -50.18
591 FLOREAL 2884 -20.67 -50.14
592 TAQUARAL 2815 -21.07 -48.4
593 SAO FRANCISCO 2813 -20.35 -50.69
594 CANDIDO RODRIGUES 2805 -21.32 -48.63
595 ZACARIAS 2784 -21.05 -50.05
596 GABRIEL MONTEIRO 2776 -21.53 -50.55
597 ESTRELA DO NORTE 2774 -22.48 -51.65
598 BOREBI 2713 -22.56 -48.97
599 TIMBURI 2647 -23.2 -49.6
600 FLORINIA 2631 -22.9 -50.73
601 LUTECIA 2623 -22.34 -50.39
602 OSCAR BRESSANE 2603 -22.31 -50.28
603 PONTES GESTAL 2576 -20.16 -49.7
604 SAO JOAO DAS DUAS PONTES 2555 -20.38 -50.37
605 CASSIA DOS COQUEIROS 2488 -21.28 -47.16
606 SANTA RITA D`OESTE 2476 -20.14 -50.83
607 PEDRANOPOLIS 2468 -20.24 -50.11
608 ARAPEI 2452 -22.67 -44.44
609 OLEO 2447 -22.94 -49.34
610 EMBAUBA 2446 -20.98 -48.83
611 TORRE DE PEDRA 2432 -23.24 -48.19
612 SAGRES 2427 -21.88 -50.95
613 LUCIANOPOLIS 2412 -22.43 -49.52
614 NOVA GUATAPORANGA 2333 -21.33 -51.64
615 LOURDES 2311 -20.96 -50.22
616 MONCOES 2274 -20.85 -50.09
617 RIBEIRAO DOS INDIOS 2222 -21.83 -51.6
618 PARISI 2177 -20.3 -50.01
619 SANTA CRUZ DA ESPERANCA 2166 -21.29 -47.43
620 SANTA CLARA D`OESTE 2111 -20.08 -50.95
621 DOLCINOPOLIS 2108 -20.12 -50.51
622 MARINOPOLIS 2101 -20.44 -50.82
623 SAO JOAO DO PAU D`ALHO 2095 -21.26 -51.66
624 TURIUBA 2024 -20.93 -50.1
625 CRUZALIA 2021 -22.67 -50.79
626 GUARANI D`OESTE 1996 -20.07 -50.33
627 SAO JOAO DE IRACEMA 1942 -20.51 -50.35
628 MESOPOLIS 1903 -19.96 -50.63
629 UNIAO PAULISTA 1886 -20.88 -49.89
630 VITORIA BRASIL 1852 -20.19 -50.48
631 PAULISTANIA 1835 -22.57 -49.4
632 NOVA CANAA PAULISTA 1824 -20.38 -50.94
633 ASPASIA 1815 -20.15 -50.73
634 DIRCE REIS 1805 -20.46 -50.6
635 ARCO-IRIS 1755 -21.77 -50.46
636 TRABIJU 1752 -22.04 -48.33
637 FERNAO 1739 -22.35 -49.52
638 TURMALINA 1667 -20.05 -50.47
639 SANTA SALETE 1558 -20.24 -50.68
640 SANTANA DA PONTE PENSA 1448 -20.25 -50.79
641 FLORA RICA 1397 -21.67 -51.38
642 NOVA CASTILHO 1290 -20.76 -50.34
643 URU 1142 -21.78 -49.28
644 BORA 839 -22.27 -50.53
1382
0 50 12.0
0 1 13.5
0 26 13.9
0 13 15.6
0 7 16.3
0 5 16.7
0 3 18.1
0 16 20.5
0 9 21.8
0 79 22.9
0 28 24.6
0 29 25.0
1 80 17.4
1 50 17.9
1 42 19.4
1 18 19.5
1 73 20.4
2 58 10.5
2 95 17.1
2 37 17.3
2 75 18.0
2 27 22.3
3 5 4.5
3 13 6.2
3 50 7.8
3 9 10.7
4 38 16.6
4 82 19.9
4 446 22.2
4 318 24.4
5 50 4.8
5 9 7.1
5 13 9.4
5 63 13.4
6 378 17.8
6 154 18.5
6 60 19.1
6 181 21.0
7 16 4.2
7 28 8.4
7 26 8.7
7 61 11.2
8 65 4.8
8 184 16.3
8 269 19.6
8 151 19.7
9 63 7.5
9 50 10.1
9 136 11.3
9 13 16.4
10 279 13.2
10 389 15.1
10 119 15.5
10 245 15.7
11 25 13.4
11 191 16.2
11 73 16.3
11 18 16.9
12 19 6.0
12 21 8.3
12 22 8.7
12 59 12.0
13 50 9.7
13 26 15.9
13 63 21.6
13 44 22.6
14 66 6.9
14 92 10.4
14 140 13.2
14 112 17.6
15 409 13.6
15 177 13.9
15 232 20.5
15 571 23.7
16 28 4.2
16 61 7.1
16 34 10.4
16 26 12.0
17 327 13.2
17 174 18.5
17 598 29.2
17 148 30.1
18 73 4.4
18 42 6.9
18 25 7.3
18 87 10.2
19 21 4.5
19 59 8.3
19 22 14.6
19 136 24.4
20 425 11.3
20 405 15.6
20 316 16.7
20 518 21.6
21 59 12.3
21 22 15.2
21 121 24.0
21 136 28.9
22 110 19.7
22 59 20.5
22 136 31.2
22 63 35.1
23 145 7.8
23 48 14.4
23 82 17.7
23 445 24.9
24 230 10.2
24 232 11.5
24 212 17.3
24 33 20.2
25 73 3.7
25 42 5.0
25 87 16.7
25 9 20.2
26 29 11.1
26 44 15.2
26 28 15.8
26 31 16.3
27 37 5.2
27 116 6.3
27 33 12.3
27 75 13.1
28 61 3.2
28 34 6.9
28 56 8.7
28 31 10.8
29 31 7.5
29 44 7.8
29 16 13.4
29 7 13.6
30 72 14.1
30 278 17.2
30 112 17.6
30 117 19.5
31 34 6.9
31 61 8.9
31 132 11.2
31 16 12.0
32 183 12.2
32 502 26.6
32 272 27.6
32 333 29.3
33 116 6.0
33 43 8.5
33 37 17.4
33 103 17.5
34 61 3.7
34 56 11.3
34 132 11.3
34 29 13.7
35 371 13.3
35 452 16.8
35 533 24.5
35 521 25.9
36 165 10.6
36 402 15.3
36 370 25.5
36 183 25.7
37 116 11.4
37 75 12.3
37 117 13.6
37 43 22.4
38 318 12.9
38 202 14.1
38 387 22.3
38 122 26.5
39 231 10.8
39 258 13.8
39 511 14.4
39 540 18.9
40 212 6.0
40 230 13.7
40 424 15.5
40 232 19.5
41 62 12.8
41 417 22.6
42 73 3.0
42 9 16.7
43 116 12.5
43 27 17.2
44 105 13.6
44 31 14.1
45 51 4.8
45 79 8.8
46 72 6.7
46 138 16.9
47 369 15.4
47 55 17.7
48 145 8.8
48 367 16.7
49 463 16.9
49 375 24.0
50 63 17.4
50 26 20.4
51 79 4.8
51 80 14.3
52 84 6.7
52 358 11.1
53 335 15.9
53 322 17.7
54 166 21.3
54 451 23.3
55 222 8.4
55 270 17.1
56 61 8.9
56 263 10.7
57 230 16.1
57 212 18.1
58 95 6.9
58 140 12.8
59 136 16.9
59 63 20.0
60 378 11.3
60 137 12.9
61 29 14.2
61 132 15.1
62 465 9.9
62 513 17.4
63 136 3.9
63 3 15.4
64 90 15.6
64 179 17.7
65 269 17.3
65 151 18.0
66 92 4.2
66 45 11.2
67 95 14.7
67 326 15.0
68 172 17.3
68 274 17.6
69 273 17.9
69 443 21.2
70 178 4.5
70 229 6.9
71 288 9.1
71 422 13.0
72 138 18.9
72 278 20.0
73 87 14.5
73 9 19.7
74 497 9.7
74 390 14.3
75 103 13.9
75 116 14.3
76 197 9.4
76 309 18.6
77 523 9.1
77 57 18.9
78 121 19.6
78 106 25.7
79 97 13.3
79 80 17.2
80 45 16.6
80 55 22.6
81 329 11.4
81 565 12.7
82 446 16.8
82 519 21.9
83 382 15.8
83 478 19.4
84 102 13.3
84 358 17.8
85 147 5.5
85 238 12.2
86 373 33.8
86 449 38.3
87 122 13.5
87 42 17.1
88 413 8.8
88 160 17.7
89 458 14.0
89 259 25.4
90 179 5.2
90 449 43.5
91 501 7.9
91 70 11.4
92 45 9.7
92 198 12.6
93 397 10.4
93 489 15.8
94 436 6.1
94 188 10.8
95 140 5.9
95 112 15.6
96 147 12.8
96 269 13.9
97 56 10.8
97 263 13.9
98 347 7.5
98 168 19.2
99 169 16.0
99 139 17.6
100 592 16.1
100 267 18.2
101 523 15.8
101 126 16.3
102 52 14.0
102 268 20.0
103 128 8.0
103 305 14.4
104 418 8.5
104 206 11.7
105 297 13.4
105 29 21.5
106 283 18.5
106 357 24.7
107 559 10.6
107 607 14.2
108 290 12.9
108 361 15.4
109 131 19.0
109 605 25.9
110 12 23.7
110 19 29.1
111 386 15.5
111 635 18.5
112 140 12.8
112 138 18.5
113 324 13.1
113 513 15.1
114 228 13.2
114 154 22.9
115 172 7.8
115 142 15.1
116 103 17.7
116 117 19.0
117 278 12.7
117 27 14.2
118 294 15.1
118 159 17.8
119 437 8.8
119 392 10.8
120 144 9.3
120 305 10.5
121 19 26.9
121 59 29.3
122 387 14.1
122 202 22.3
123 489 13.1
123 139 15.6
124 249 11.6
124 527 15.2
125 395 3.0
125 571 9.9
126 187 15.4
126 214 16.6
127 339 13.7
127 261 25.8
128 248 10.8
128 305 14.0
129 151 17.1
129 65 18.9
130 282 13.8
130 374 19.3
131 349 14.7
131 364 17.3
132 85 14.3
132 147 17.6
133 115 17.1
133 395 22.2
134 155 14.7
134 250 18.0
135 445 12.3
135 366 15.3
136 5 16.8
136 3 18.1
137 170 19.8
137 190 23.2
138 238 16.1
138 263 16.6
139 460 13.5
139 594 15.9
140 67 15.1
140 66 19.6
141 553 30.0
141 498 33.2
142 161 7.3
142 573 9.7
143 630 9.9
143 396 10.6
144 104 15.0
144 236 15.6
145 445 18.9
145 82 23.3
146 346 17.1
146 314 17.8
147 269 8.2
147 238 17.3
148 322 14.7
148 290 17.7
149 254 10.8
149 302 11.8
150 430 10.2
150 291 27.7
151 184 16.0
151 207 23.6
152 644 16.1
152 601 20.0
153 312 11.5
153 619 18.8
154 228 11.6
154 60 27.3
155 351 8.4
155 435 14.6
156 479 10.8
156 358 22.4
157 476 14.6
157 171 30.4
158 456 13.6
158 500 15.7
159 294 18.9
159 295 27.0
160 423 13.8
160 349 15.1
161 573 7.4
161 208 13.9
162 250 10.8
162 525 17.6
163 295 23.6
163 310 24.2
164 416 15.4
164 268 17.4
165 402 4.9
165 370 15.8
166 495 12.0
166 361 12.0
167 241 33.1
167 293 34.0
168 347 11.7
168 324 12.9
169 244 16.6
169 515 17.1
170 265 16.1
170 592 20.2
171 561 12.4
171 476 16.1
172 252 14.2
172 184 18.1
173 454 12.6
173 487 16.0
174 598 11.1
174 327 16.3
175 88 21.0
175 358 24.6
176 568 6.9
176 285 14.7
177 409 7.1
177 571 9.7
178 229 3.0
178 367 9.9
179 449 45.4
179 86 47.3
180 234 1.1
180 335 14.3
181 312 16.9
181 153 19.7
182 554 11.7
182 508 13.6
183 333 22.2
183 165 27.9
184 252 12.6
184 65 18.8
185 246 7.0
185 317 12.9
186 240 13.6
186 201 17.4
187 101 22.0
187 502 25.0
188 501 6.7
188 436 14.3
189 155 17.8
189 351 23.3
190 99 17.8
190 60 18.8
191 202 17.7
191 289 19.8
192 580 9.4
192 588 17.6
193 552 8.5
193 365 9.3
194 207 29.2
194 375 30.8
195 481 4.7
195 581 9.4
196 297 15.0
196 105 27.7
197 243 17.9
197 309 19.4
198 67 15.8
198 66 15.9
199 354 4.5
199 261 33.3
200 486 7.8
200 525 18.2
201 423 12.2
201 160 20.7
202 318 15.4
202 11 19.5
203 564 12.7
203 529 16.7
204 341 7.0
204 414 16.0
205 524 13.7
205 321 20.7
206 418 8.0
206 416 11.2
207 375 21.9
207 428 27.0
208 573 6.7
208 404 14.7
209 248 18.2
209 57 21.8
210 281 12.9
210 306 23.4
211 431 6.1
211 540 12.5
212 230 7.9
212 232 14.4
213 335 8.4
213 53 19.1
214 240 20.6
214 187 26.5
215 239 20.3
215 529 29.6
216 222 14.3
216 270 15.0
217 588 7.6
217 580 17.0
218 308 19.6
218 619 21.2
219 504 28.6
219 226 33.4
220 511 8.8
220 538 15.7
221 619 13.6
221 605 14.5
222 270 9.0
222 47 21.6
223 392 13.7
223 227 18.1
224 550 12.4
224 468 15.1
225 471 13.6
225 264 26.4
226 551 16.6
226 427 19.8
227 400 11.3
227 466 11.4
228 153 25.2
228 6 26.0
229 367 7.5
229 91 18.0
230 232 12.7
230 248 24.6
231 336 11.3
231 537 14.7
232 43 21.5
232 33 24.8
233 379 16.1
233 333 24.9
234 335 15.1
234 290 16.4
235 575 14.4
235 485 18.5
236 120 13.2
236 305 14.7
237 275 37.7
237 530 42.0
238 263 7.5
238 56 15.3
239 522 13.2
239 319 18.5
240 201 21.1
240 126 26.5
241 486 27.5
241 293 28.9
242 452 9.9
242 447 13.8
243 421 14.7
243 566 16.7
244 426 15.8
244 378 16.2
245 389 12.9
245 377 18.5
246 552 8.4
246 193 16.1
247 528 9.1
247 491 15.2
248 103 17.9
248 24 21.4
249 527 25.5
249 544 25.5
250 293 19.8
250 518 24.1
251 510 23.6
251 178 37.6
252 68 18.1
252 463 18.5
253 451 24.6
253 54 30.0
254 412 11.4
254 320 18.4
255 462 9.3
255 365 16.7
256 336 10.8
256 561 14.2
257 253 33.1
257 225 33.5
258 511 7.5
258 540 11.3
259 458 15.8
259 381 16.7
260 478 17.6
260 471 25.3
261 281 12.3
261 210 24.3
262 271 18.7
262 357 22.3
263 61 17.6
263 34 18.1
264 611 14.4
264 556 15.9
265 388 10.8
265 100 20.2
266 337 12.3
266 364 18.1
267 374 16.9
267 453 18.2
268 416 5.9
268 206 17.1
269 85 13.3
269 238 23.2
270 122 22.5
270 80 24.2
271 127 27.7
271 339 30.1
272 549 21.0
272 502 21.9
273 443 13.9
273 388 23.1
274 556 12.8
274 404 16.8
275 473 22.0
275 530 22.8
276 446 14.5
276 558 18.8
277 404 7.8
277 208 18.7
278 125 14.4
278 395 15.7
279 440 12.2
279 437 12.9
280 448 10.2
280 98 19.7
281 306 21.4
281 127 28.4
282 374 7.7
282 267 20.0
283 357 6.1
283 262 28.3
284 440 12.8
284 340 13.8
285 424 10.8
285 568 13.5
286 595 9.4
286 590 11.8
287 83 29.6
287 498 29.8
288 303 12.3
288 384 12.4
289 318 16.0
289 202 23.5
290 180 16.4
290 361 18.5
291 430 19.9
291 299 23.7
292 583 13.2
292 405 16.7
293 134 23.5
293 162 26.4
294 356 14.0
294 514 23.7
295 643 28.0
295 352 29.3
296 442 23.7
296 114 26.1
297 44 18.5
297 29 25.0
298 564 12.6
298 319 12.8
299 382 18.0
299 83 28.9
300 433 5.4
300 589 11.3
301 391 47.2
301 237 91.5
302 614 9.1
302 541 10.0
303 384 6.9
303 483 12.6
304 308 17.8
304 181 23.4
305 75 17.7
305 144 19.6
306 339 23.9
306 127 26.6
307 441 11.1
307 418 13.6
308 312 17.8
308 181 22.7
309 323 17.1
309 585 23.8
310 586 9.8
310 560 17.8
311 499 12.2
311 368 20.2
312 619 13.6
312 218 27.3
313 570 11.3
313 498 15.1
314 346 8.4
314 362 15.9
315 636 8.3
315 403 14.7
316 450 7.3
316 425 21.0
317 320 10.8
317 412 18.1
318 276 22.4
318 191 25.1
319 529 12.6
319 564 21.2
320 412 8.3
320 641 17.4
321 524 7.2
321 644 16.8
322 508 7.6
322 182 18.0
323 625 14.9
323 152 24.0
324 434 22.2
324 347 24.2
325 420 13.8
325 340 15.3
326 441 12.2
326 144 18.3
327 534 21.0
327 598 23.4
328 555 9.3
328 436 14.0
329 559 12.1
329 618 15.2
330 453 8.3
330 384 11.3
331 91 14.2
331 501 15.8
332 369 15.3
332 216 15.6
333 403 15.0
333 636 16.6
334 247 20.8
334 438 23.7
335 290 28.9
335 379 29.8
336 537 15.4
336 617 19.5
337 131 20.4
337 364 22.2
338 603 20.1
338 348 26.4
339 281 35.4
339 261 36.9
340 377 15.1
340 560 16.7
341 217 19.8
341 414 22.7
342 53 18.2
342 315 19.8
343 422 9.1
343 472 12.8
344 261 33.6
344 281 36.4
345 534 8.4
345 613 12.5
346 497 8.8
346 74 18.6
347 359 23.1
347 280 27.3
348 603 23.6
348 584 26.0
349 364 10.8
349 423 15.6
350 451 12.4
350 376 15.4
351 435 10.8
351 134 21.2
352 407 19.2
352 380 20.6
353 591 11.6
353 567 12.2
354 261 34.5
354 127 41.9
355 394 9.4
355 453 15.3
356 514 9.8
356 118 26.9
357 271 40.9
357 196 41.5
358 102 21.6
358 209 24.3
359 482 12.6
359 98 22.8
360 536 11.9
360 130 26.8
361 495 15.5
361 234 21.0
362 381 15.3
362 609 15.4
363 608 12.3
363 542 26.0
364 160 25.1
364 423 25.9
365 383 9.8
365 462 13.7
366 445 17.1
366 519 32.0
367 70 14.3
367 510 25.4
368 642 13.5
368 627 14.4
369 469 10.4
369 216 19.8
370 426 10.8
370 402 11.1
371 158 16.4
371 500 17.7
372 626 8.8
372 557 9.0
373 510 19.6
373 449 21.3
374 610 12.6
374 453 15.8
375 463 12.2
375 252 21.0
376 611 10.5
376 556 15.1
377 389 10.8
377 343 14.5
378 190 20.1
378 137 24.1
379 461 15.5
379 213 23.5
380 643 12.7
380 468 13.4
381 609 6.9
381 467 16.2
382 478 30.8
382 553 32.2
383 462 15.0
383 494 18.2
384 483 13.6
384 394 16.6
385 467 7.2
385 259 17.7
386 447 11.3
386 242 24.3
387 270 24.6
387 202 26.3
388 443 13.8
388 100 22.9
389 279 18.7
389 340 19.0
390 421 12.8
390 526 13.2
391 237 44.2
391 275 77.0
392 400 13.2
392 227 14.2
393 622 7.0
393 593 9.8
394 483 11.7
394 460 11.8
395 571 10.8
395 177 20.6
396 639 4.1
396 593 13.2
397 489 5.5
397 123 16.7
398 425 15.6
398 518 16.1
399 438 16.9
399 338 31.8
400 437 8.5
400 119 11.9
401 512 10.8
401 596 11.5
402 515 21.2
402 426 21.7
403 636 6.9
403 342 20.8
404 376 18.9
404 573 19.4
405 583 19.8
405 518 19.9
406 589 15.3
406 302 17.4
407 554 12.1
407 182 18.3
408 642 24.5
408 535 25.4
409 571 14.3
409 125 24.1
410 604 11.5
410 630 13.0
411 438 24.3
411 247 24.5
412 641 11.8
412 149 22.0
413 479 20.2
413 160 21.6
414 527 7.9
414 124 22.8
415 579 17.0
415 625 28.7
416 418 18.0
416 102 20.1
417 596 16.6
417 401 16.9
418 441 14.4
418 164 19.2
419 629 11.4
419 353 14.2
420 455 11.3
420 487 22.3
421 526 14.7
421 566 24.0
422 560 14.7
422 472 15.5
423 131 18.1
423 186 29.6
424 212 19.6
424 272 22.9
425 518 20.2
425 405 24.4
426 515 12.4
426 169 24.4
427 551 23.5
427 499 27.6
428 129 28.9
428 262 35.9
429 526 19.9
429 146 20.1
430 478 38.4
430 260 40.7
431 506 11.5
431 540 17.5
432 539 20.9
432 575 36.8
433 589 9.4
433 623 18.4
434 113 22.3
434 496 25.6
435 398 18.4
435 134 19.3
436 457 11.2
436 501 21.1
437 440 16.1
437 392 16.8
438 603 36.5
438 247 39.1
439 477 20.4
439 223 21.4
440 487 19.1
440 173 20.2
441 104 14.1
441 47 21.8
442 605 22.2
442 221 26.2
443 265 24.5
443 100 29.5
444 461 24.8
444 277 27.9
445 48 23.3
445 519 23.4
446 558 15.3
446 318 25.6
447 452 23.3
447 111 26.6
448 224 18.2
448 517 23.1
449 558 15.2
449 276 22.4
450 20 23.2
450 425 28.4
451 611 25.5
451 376 27.4
452 602 26.4
452 371 29.5
453 610 7.0
453 472 14.7
454 569 10.6
454 487 13.4
455 488 15.3
455 569 20.6
456 637 7.3
456 613 15.8
457 94 15.0
457 188 15.3
458 385 31.0
458 381 31.1
459 540 14.3
459 258 17.9
460 490 6.6
460 592 13.8
461 176 25.7
461 568 29.9
462 111 19.6
462 193 21.6
463 68 22.6
463 184 29.0
464 167 41.6
464 69 44.0
465 513 7.9
465 484 15.8
466 629 13.2
466 419 14.7
467 609 13.0
467 259 18.1
468 643 14.2
468 574 17.8
469 307 15.5
469 47 20.5
470 596 7.8
470 512 10.3
471 257 34.5
471 264 38.3
472 610 8.3
472 330 15.1
473 171 28.4
473 476 30.1
474 628 12.2
474 633 13.3
475 602 14.7
475 601 21.4
476 561 28.0
476 256 38.3
477 603 14.7
477 565 19.0
478 291 33.1
478 299 34.1
479 88 20.1
479 175 30.6
480 572 15.6
480 401 18.2
481 640 9.6
481 606 11.2
482 517 15.8
482 500 27.2
483 594 8.4
483 355 19.1
484 401 15.0
484 513 16.0
485 532 18.0
485 576 20.1
486 525 13.9
486 162 26.6
487 569 9.9
487 455 22.5
488 569 25.5
488 420 26.6
489 169 20.8
489 99 24.4
490 592 7.6
490 139 16.1
491 505 9.4
491 528 10.3
492 550 11.2
492 224 20.7
493 629 12.9
493 466 15.3
494 246 18.4
494 193 19.0
495 54 24.2
495 108 26.8
496 595 13.6
496 629 16.9
497 314 17.2
497 146 19.6
498 522 23.9
498 570 26.4
499 634 20.9
499 520 26.5
500 517 11.4
500 448 24.4
501 94 17.1
501 70 18.8
502 549 10.8
502 523 21.6
503 533 20.6
503 566 20.7
504 249 25.6
504 124 30.9
505 528 17.6
505 247 17.9
506 211 14.6
506 597 16.0
507 631 13.6
507 534 28.5
508 148 17.7
508 554 23.5
509 535 10.6
509 616 11.4
510 178 28.0
510 229 28.7
511 538 17.9
511 540 18.8
512 596 12.2
512 635 16.1
513 548 22.8
513 590 24.6
514 315 20.5
514 636 28.5
515 370 12.1
515 244 19.1
516 577 13.5
516 613 17.5
517 371 23.5
517 158 26.9
518 583 15.6
518 162 23.8
519 4 24.8
519 23 30.6
520 634 8.6
520 604 16.9
521 577 6.1
521 533 11.5
522 313 19.9
522 319 22.0
523 549 19.6
523 57 25.5
524 644 23.7
524 152 26.4
525 583 18.2
525 292 24.9
526 503 21.2
526 74 22.0
527 204 23.5
527 544 25.9
528 245 21.2
528 10 23.7
529 564 12.8
529 298 13.9
530 597 11.7
530 506 25.2
531 547 12.2
531 612 13.8
532 576 18.4
532 553 28.9
533 577 16.4
533 371 26.9
534 631 15.1
534 613 19.6
535 615 12.9
535 642 13.0
536 411 24.7
536 528 26.9
537 582 11.3
537 578 15.1
538 39 19.7
538 537 19.7
539 575 25.8
539 235 26.8
540 506 18.8
540 231 26.1
541 614 9.4
541 623 10.8
542 608 13.7
542 555 14.5
543 628 10.5
543 638 12.7
544 541 22.3
544 623 25.0
545 622 6.2
545 632 9.1
546 621 7.6
546 638 12.7
547 185 16.6
547 246 19.6
548 484 18.4
548 480 19.3
549 40 23.0
549 77 24.9
550 456 24.4
550 468 24.7
551 632 15.7
551 545 16.0
552 612 12.2
552 185 15.1
553 485 21.5
553 235 37.0
554 352 25.2
554 118 25.6
555 457 19.2
555 436 21.5
556 611 15.3
556 68 21.4
557 626 11.8
557 584 16.7
558 373 22.9
558 82 24.8
559 607 13.7
559 618 17.5
560 586 10.0
560 71 14.8
561 617 12.8
561 336 23.4
562 607 13.9
562 107 16.4
563 292 19.6
563 583 30.5
564 599 15.3
564 314 28.8
565 618 10.6
565 329 20.9
566 76 21.8
566 197 22.1
567 419 17.1
567 466 17.8
568 424 24.2
568 15 27.6
569 173 20.4
569 420 25.2
570 319 24.9
570 522 25.4
571 278 23.5
571 43 24.3
572 635 22.8
572 548 24.7
573 274 23.3
573 277 24.7
574 643 9.9
574 380 22.0
575 576 16.3
575 485 25.4
576 235 23.2
576 553 40.3
577 613 24.6
577 371 26.0
578 582 9.5
578 617 12.3
579 459 27.1
579 506 38.5
580 588 9.9
580 417 28.1
581 620 11.2
581 481 14.1
582 641 20.0
582 617 21.7
583 162 20.9
583 250 27.8
584 562 19.9
584 626 23.6
585 600 11.7
585 625 15.5
586 325 18.4
586 71 20.4
587 591 8.9
587 368 14.5
588 341 26.7
588 204 33.8
589 614 11.6
589 623 13.6
590 595 18.2
590 62 21.2
591 509 13.9
591 616 20.6
592 99 21.6
592 139 23.0
593 639 12.2
593 640 15.2
594 123 16.1
594 394 16.7
595 624 14.3
595 615 20.2
596 484 25.2
596 383 27.4
597 431 22.5
597 211 27.9
598 108 18.7
598 290 27.5
599 314 16.8
599 346 21.4
600 309 24.1
600 625 26.3
601 602 11.7
601 644 16.3
602 242 25.9
602 644 26.1
603 565 28.2
603 439 35.2
604 627 14.6
604 107 17.5
605 619 27.9
605 218 29.5
606 633 10.4
606 195 12.1
607 618 12.3
607 329 20.2
608 555 27.9
608 328 37.2
609 385 20.0
609 259 20.9
610 330 11.5
610 282 20.2
611 350 16.7
611 274 24.6
612 193 12.3
612 246 19.8
613 637 8.8
613 631 19.8
614 623 8.0
614 406 17.7
615 624 12.9
615 286 13.8
616 624 8.9
616 419 14.6
617 256 16.3
617 537 23.7
618 81 13.9
618 107 24.0
619 308 23.5
619 181 30.5
620 606 14.1
620 195 14.7
621 630 8.3
621 638 8.8
622 632 14.1
622 593 16.8
623 302 16.2
623 300 23.0
624 286 15.0
624 509 17.6
625 309 23.8
625 152 36.6
626 638 14.7
626 562 16.5
627 520 19.3
627 587 19.8
628 546 16.4
628 638 19.4
629 616 21.0
629 227 22.3
630 546 14.4
630 638 15.6
631 345 17.7
631 516 27.2
632 481 17.8
632 195 19.0
633 639 11.2
633 640 12.7
634 593 15.4
634 393 17.5
635 480 18.2
635 470 24.1
636 342 21.0
636 36 32.3
637 345 14.0
637 158 20.5
638 372 11.8
638 557 20.8
639 640 11.5
639 143 14.7
640 606 12.9
640 195 14.2
641 254 18.5
641 578 20.5
642 509 16.9
642 587 18.2
643 352 29.0
643 224 29.2
644 447 32.4
644 386 33.7
